# the skeleton joints are defined by Kinect v2 SDK
Body: [-0.229371, 105.781425, -1.820767]
Hips:    [0, 100, 0]
RightThigh: [-8.834017, 93.689568, 0.916262]
RightLeg: [-8.983981, 48.839684, -0.720949]
RightFoot: [-9.220869, 6.47239, -3.679571]
RightToe: [-7.959897, 0.959988, 8.904328]
RightToeEnd: [-6.979214, 0.955162, 18.677952]
RightHeel: [-9.508194, 0.967425, -6.526213]
LeftThigh: [8.887797, 93.770599, -0.950049]
LeftLeg: [8.748616, 48.918293, -2.520405]
LeftFoot: [8.457756, 6.551499, -5.481387]
LeftToe: [9.733092, 1.027743, 7.096085]
LeftToeEnd: [10.720288, 1.014096, 16.869343]
LeftHeel: [8.174561, 1.049108, -8.333412]
SpineLow: [-0.021444, 104.999939, 0.013471]
SpineMid: [-0.171753, 118.635498, -0.90068]
Chest: [-0.349589, 132.230026, -2.295115]
RightShoulder: [-5.801153, 146.725861, -1.322442]
RightArm: [-18.292303, 146.68866, -3.51383]
RightForearm: [-45.314655, 145.410858, -0.082489]
RightHand: [-70.806679, 144.610046, 7.807077]
RightFinger: [-79.331352, 144.20787, 10.332594]
RightFingerEnd: [-87.855682, 143.805969, 12.85818]
LeftShoulder: [5.165502, 146.733444, -2.46774]
LeftArm: [16.921303, 146.743729, -7.22493]
LeftForearm: [44.022213, 145.33374, -9.90204]
LeftHand: [70.612923, 143.968002, -7.953031]
LeftFinger: [79.478157, 143.500565, -7.321186]
LeftFingerEnd: [88.343025, 143.033417, -6.689572]
Neck: [-0.358317, 148.229996, -2.272893]
Head: [-0.329275, 160.112671, -1.887859]
HeadEnd: [-0.134199, 178.000549, 0.142774]
