# oST version 5.0 parameters


[image]

width
4096

height
2160

[narrow_stereo]

camera matrix
2439.209029 0.000000 2054.211233
0.000000 2434.177717 1120.259513
0.000000 0.000000 1.000000

distortion
-0.208621 0.128094 0.001986 -0.003330 0.000000

rectification
1.000000 0.000000 0.000000
0.000000 1.000000 0.000000
0.000000 0.000000 1.000000

projection
2251.446045 0.000000 2033.605576 0.000000
0.000000 2338.128418 1125.994465 0.000000
0.000000 0.000000 1.000000 0.000000
